states  n       graphs  result  seconds                     exp avg
40      6       10      SAT     10; 427; 22; 96             55
40      6       20      SAT     32; 1156; 6205; 2427        864
40      6       30      SAT     64; 9059; 25091; 26685      4439
40      6       40      SAT     60; 11713; 53461; 20590     5274
40      6       50      SAT     224
40      6       60      SAT     109
40      6       70      SAT     158
40      6       80      SAT     77
40      6       90      SAT     338
40      6       100     SAT     452
40      6       140     SAT     379
40      6       200     SAT     4624; 14905; 7315; 229      3278
40      6       300     SAT     19679; 1102
40      6       400     SAT     7742
40      6       500     SAT     3775
40      6       600     SAT     9515
40      6       600     INTER   ML, ML
40      6       600     SAT     5920; ML, 9146

10      4       20      SAT     0; 0; 0; 1                  0
10      4       40      SAT     8; 7; 29, 28; 9, 9          11
10      4       80      SAT     108; 2637; 485; 7636        1013
10      4       160     SAT     37, 38; 11573; 25; 2753     414

20      5       20      SAT     52; 319; 29; 392            117
20      5       40      SAT     1217; 764; 601; 3479        1181
20      5       80      SAT     6707; 5958; 3653; 13707     6688
20      5       120     SAT     14748; 36328; 63921; 11498  25050
20      5       160     SAT     38362; 15995; 8441; 33777   20451

2       5       100     UNSAT   0
3       5       100     UNSAT   0
4       5       100     UNSAT   1
4       5       1000    UNSAT   12
5       5       100     UNSAT   26; 27
5       5       1000    UNSAT   165
6       5       100     INTER   TL

10      6       10      SAT     0
20      6       10      SAT     78
30      6       10      SAT     448
40      6       10      SAT     533
40      6       10      SAT     691
64      6       10      SAT     883
40      6       20      SAT     8170

40      20      10      SAT     12550
40      20      20      INTER   TL
100     20      20      INTER   ML
90      20      20      INTER   ML
80      20      20      INTER   ML
70      20      20      INTER   ML
